Hurrell PC-Based North Atlantic Oscillation Index (DJF)
  1899    -0.50
  1900    -1.20
  1901    -0.24
  1902    -0.73
  1903     0.99
  1904    -0.01
  1905     0.82
  1906     0.90
  1907     0.87
  1908     0.55
  1909     0.23
  1910     0.25
  1911     0.52
  1912    -0.85
  1913     0.77
  1914     0.52
  1915    -0.19
  1916     0.44
  1917    -1.26
  1918     0.01
  1919    -0.95
  1920     1.18
  1921     0.14
  1922     0.58
  1923     0.46
  1924     0.01
  1925     1.42
  1926    -0.60
  1927     0.42
  1928     0.46
  1929    -0.83
  1930     0.61
  1931    -0.02
  1932     0.45
  1933     0.01
  1934     1.02
  1935     0.16
  1936    -2.00
  1937     0.45
  1938     0.11
  1939    -0.20
  1940    -1.90
  1941    -1.13
  1942    -0.71
  1943     0.52
  1944     0.85
  1945    -0.33
  1946    -0.24
  1947    -1.73
  1948    -0.38
  1949     1.38
  1950     0.41
  1951    -0.43
  1952     0.68
  1953    -0.23
  1954     0.33
  1955    -0.99
  1956    -1.25
  1957     0.65
  1958    -0.50
  1959    -0.14
  1960    -1.61
  1961     0.52
  1962     0.10
  1963    -1.58
  1964    -0.64
  1965    -0.63
  1966    -1.95
  1967     0.03
  1968    -0.58
  1969    -2.34
  1970    -1.06
  1971    -0.43
  1972     0.03
  1973     1.21
  1974     0.53
  1975     1.06
  1976     1.20
  1977    -1.65
  1978    -1.06
  1979    -2.00
  1980    -0.13
  1981     1.05
  1982    -0.79
  1983     1.42
  1984     1.11
  1985    -0.92
  1986    -0.87
  1987    -0.45
  1988    -0.18
  1989     2.48
  1990     1.27
  1991     1.01
  1992     1.68
  1993     1.87
  1994     0.28
  1995     1.36
  1996    -1.32
  1997     0.24
  1998    -0.19
  1999     1.12
  2000     1.84
  2001    -0.62
  2002     0.56
  2003    -0.27
  2004    -0.35
  2005     1.09
  2006    -0.37
  2007     0.90
  2008     1.18
  2009    -0.05
  2010    -2.95
  2011    -1.14
  2012     1.54
  2013    -0.79
  2014     0.61
